$ANSIBLE_VAULT;1.1;AES256
32656239643832383230376366646562643662653466396436386137386538633366613863323562
6534323865656236333062343136396136376438653132350a663965396361323238616337373835
63306261656537656366346562333266636638353739363934333363323833613039646665626533
3534633935383065380a386434653333663039633530643138343031663065626539343338313739
39613066633437353636336138666638626465613962396365333633386162376230616462386336
36363664646331613263363931383034313864383630643862623263303564623438643734356165
33633039316536353938666464306232386335343434666231643166643133373734346432313663
39393661326531633635316566363964323161633639633431643861336165303739333764616637
33383238343064303534346430376530306562303234643165646464353432636462663033663238
36626562383939306238316264363034363534333164316439393265316337653538373265346638
37653566613661646630306633313763306136336564353639353130396166623538383939383630
63643530376535633734383838613864396230393832646539393863616633306531353337353438
35336364353332376165653233306138363537653037373033396663626339333135333162323764
37646633383336333835316162353535333538303330363739663235383361363764663364613436
38363230303731613530303230663031663166313639356139316166346639316565663539393030
34333461363136666134383462393264313038363566333764393531303864333330323232653664
66386237386463316563383432356534386235386365306136353831633864373035323063333364
61393733326630396664323563646635366531633630656232643234636634383638383566653861
31646633396162363139366432656464613036646361663433346261653962663030363438646566
62393137323734623461393334336565333331633562306634336362383864613737616130356636
35376566326333616536383265353338383262373832373633396331383566333063363932636238
62323136363735383263336165386166356230306339323832656162376365376335336231633235
65353237313632623037323537313866303238653662636233623333353138323566653136376563
34613333303136646664303232356538616231346136343335363532633961383736303332336430
63653064383732353031343463626166653637363532323165356535313539386262313631316233
37663536623633316335643164623235373066646139336666333836366239366562376539386337
64623938653166353432333063363839303834356239353936363362633236313738343963636365
64656464666664653131396133616166396338633137613739363233303330653930663462316438
39333565313261323736626662343532326562356239323964376265333435363664663130653339
63643535353437353737636262303832363632393735626161656365373536643361396635313766
66626230393666646231313761626536386166623162393532643265373532653339666632376261
36613736663235613239633963383432396335313433326237326664343737323163383766346562
36643130306162656361396263333865623935623235663266663563316361623064623566346430
64313934633261633536626165613761393438633062653739666431386431306435366134346436
64393938346538323835316265383462633361313463633066303330326564393864323935363164
66643636373235376530306331333063613864376339623737643033633634626635343137316531
62313463386432643666643434396537376232363537373836316336393065383738333062323736
36366463383661333466306662636138333761373563386530353062363463393063313061366333
63373864643036303538643836636139333463626362323937376364373130346164386337383164
66363135316263636264666566626330663137666666623566383337326532373536326539383030
31616537643366623435356433383632383035333435303137346430636135346564626462356235
61366533633439373364356134363937313934636139313764353965376663666665636636663133
65663932313032373666363662313364373736623063303164646236306433383462653862373966
61393637396332656338306438323966623863373761643236613436323632353633316135633965
61356463636666353737636134666633323035313032636261393763353864323861616337393632
33633039323162313139363463663134393561303735363133346437336563363566333863386536
38333634613536613565346536306162613635366638313935383464613933353936386366666632
34373933326561386265386430613461643064373934306439346535326663666535663831633939
34653766396137646139636539393831386365633236656431303231303239393338313066396663
31393430623364336566386466373463633538613963323661656433376334356566336161303562
61643463316531636234653231326334353930316536626366363765643138313033323366656265
31323936666534393930633736623532306533666133356633393963656331326365663863366335
65353839616136323633633132663763363930636430386164633938393461383031356263373466
36616561313538626630306563326463633333363930353630356431373239623763316162343364
39313362303436393563373230373930383835633762613833373431613864313461383331336239
37666236346131336635626434376434393334323435653139646565636139366533623237663736
65303263636435653966613531653465306532663165636564346631323433663334343233653730
35623566333762666666353733313937663763633230366536383135646161356536613336386366
39666663363266353130396365343361346566666438643737633362363233653438343934663662
37303638383935613333626632336634373736613362636365623462636137656163333466656333
36646237313861356635636233386638633462633465323038303966663662346465333031353931
39333136616133386266636238333837376334366435316661323032326533636431393364333963
61623264393065396138363766393861353238336438353636353934313362633161653238356161
30616336383263336433313263396339376233333635356433373062613235396432376238613233
32643261313237636165383735333364623636353433616361333766613335356530366430373761
63643237663062656661613436383964646538653265343030613838306630643139383465623432
36643039373965636466386139323433613465306130303265626137653834373834326531623334
32346665353962343235656564323034663639356533376631336362333734303537303763616131
35366466336463356234393263323339383533646135353233616163613230376132316164636234
65303131656264326664653462643761353433303930326566653962326238323336646330636539
65353066626263653866396264326233316164366236643264326132373266343333343131373039
33353337326137633164383561363564393136373362336133656136656431313966316439323634
33663333623836643337303263633861376564333835656166323431383738356337663232313465
34653232346630396632393163356234646163613933623366626230653563353836366432333962
62616162353663303230353063666238316266306234333836343230656532376233663730386137
61653064626435336439353631333138333336666665326337656432626264386231373331633061
35326531633730326162393737666264306264343865373661643935373664653436333466646665
61363662623662336635336331396266623733626639613432663962373866366166663639366638
61356564306632633730633238613561653461623939343133326232393330656166343864643134
32313966336334373333303635643534343436633534346330653366313463336339333762313137
31363932373231663266383235643165376138366464663861353166366338383032666163653238
30326230306462316665363765356533666132336466303865303436643061623362663634356432
36383564333031303061366263353365393366333936613762626437646336643332643166663065
34383639616562346263643333313336363965326434323930393233373864643264663435643535
35656663633265366534656361383163353064343338323834623735663335386435313566326661
61343636396534653666373635393330353262343535326430333133363836346138663930393837
36333231616632323936336361626666333033313234616465336333346632653862626535363061
38666461353631323735333438376436313031343532623131643062303933623965303238373966
36343030633031356133663932356464653835346631396134633362333433663339666538313235
62653835613338623331613363643332626237333064626637353834396262383330343536383866
39373265636538613266646435333764653165643432393561643262333164386531316233636333
30376130613562343366393162363863306366353234343863393438346464326261383164346331
64653662633661623966376434663032653433396461623563306131653734393533633864663032
66346262313138383835383133363735323065663265623731386239303638393035626337333764
64396632346661353262383164373230656361366338613134323362343365316337366231396464
63363139656462326561333966626530323533623766383937393739616163306161353761353337
61343561303037306236613236316562393332326461363961363661626138333831326332363136
62383939613664316666653866646635336666656361366162663031303166393533626537306532
66373464343638396536653465623633386565353230663062333837663735366532366664343238
63386565336364343639336339393265616366363665363662316438313639343335656232653635
39376430303764633566363066363233306535363035326539633162653130613034386335323538
63656565323336313533396665326235323936393536353834313931656533663765316531313264
61653262396161353763386335326264343034386331376335376532393932616333343261386233
38656463613763633864633638643834353335616139353731633736316366636561323533633338
64613136313738613165666635343066613337333363616239306232346639326639613736386531
35333865663465663361633031623236666163613863393137663334303664316135353063333431
39323333306437656437643633353061316666316564393738653830353638306563343463356237
62333034386364626238666362626262613961343530333431376266633334333339616566373065
34333032313532636337363338643638646636383838313938666535623031366238333638643935
64326439646364333839353737393731396433333132313032656464666430656539343935316539
64333163333163363963666135333931616462336661323533373232396637393261346464636331
38373638363637663731376430316236663339623861323339646136653838346433356330656630
61363064626333656130356134653362303061613430333662356439356566306665316133656364
30363539626661303038306638666635383037636434303266643839613161313636653837636464
30653737333838666262363438356630316630323362626635656236636536643166313531663263
61646366366237353837396264616162623464656238636636313934626234633332653664353932
63633234343730653330613633636365633437393464356466666234623439356432306433353062
65353262306131326434306534653464313139613332663135666263343737666231393434616162
63323565666431366164663132353635353632626134616663333365393436616435376465653166
38383637633034303831666536366630336534333735323232663061326236656561396561613139
33643335343933303164313239623164623430333035383632613561636164656137386265353632
66623038333661646339623265646139633332343565353134323363306137393436303937386561
62303265623635656430336234373437303130653634323830393437366265653635343731663066
63303963356662323066663364363265646261633135623939363930346435353139353530663165
65383431313539356536313137646639666638373463343439393263323338356662346265383433
35343131653461633566353762613631376133393638366436613866633162336634356532366339
63643262353537623433623632363637393939396162633864373261663931366232666231633736
66636337663561316433343936633765393861633465653939613330396362336266383161326461
30313862613063303833353663366165333638336531393563363333306365316139663762616631
39633564343333656338646435613661656465613861623132306136306637623839363434343331
38323863306336383138383335663364323962666138313061363465613234353362643465383465
63633239646563653461363766323230343763333438386131663638653063383166373762336564
64663763353636336438343666663230633434343438633039356563303839623963623738616662
33353266363630316438663836386132363030616633316136393638643466383764306162666362
37656230393038656137343836313230623266363233383530356638323931366434353832363936
32653032653464323734623937353761386332656466303736323839656133656664383261353735
38653639616563383639653664376162626130633664376331366665393730366364393739336666
36393864356336323035303632646330353938643161326535626563363131643461373861366666
31396337663632323535663966663466346332643363303830356466643364333062613339663166
37306162303063393061313063306135313135363437323136653266373039353231393566663763
66366137626333623062316465353531313530643565363139303538346136663261623931633262
38306634626539373164323138363431373261366562333663353636316437326236346364643934
39373565653761613064663431386161336464343738326337346630663334623837323365313062
66353461383632643136613766353633623138633163616331316261616338306437323162636264
35303435343665353130356163343261653236396334373563656438353332623138656631666136
35353761366331666563343636353461306332646333376238393661333862643734646436613730
31326637653133306664306431393863363163616636353261303161646232393539383236626239
31643662303561656536343237626463373630623936326230316265396263306664356532393236
33336130633737363337396339396538616537313231643338323164653133356133333064396263
36656264393030366561323139373037313632356137313433363565303934343933346536353834
36393764383531366565323561363535306533616531666639626235396232366463373965373065
31353631656533666136636465323132323039386362613932373964616331396336316434326666
35376664623061333134633361643232653761616563326432353230626264663432383432306330
31393661343934303034353234343332616366323161306231396530323362643863383061633736
38356663313838363764653663356330626139373830393134316165633563376334613338326638
36386131353733373838633838656463613663366131326134386465396664653430373766343332
35373435326630653239623031336632316361633637373464326362306231316362346637343337
61646130366363366130303565336265363137386434653563623765316462386632613238333662
36666265313737373238373465343533663133363534636364643731356339306163656464646637
32663130643137346665663933373133666639663435643838306138616534616337393165333664
38333731333337613638396132663965393335663330313034386430313564636134306630343635
61663931613865383434363034623565336136633031636162376263646464356365343832373431
32663930356533653237396636623734646338393131626234336138636637386639363332326132
30643430306639636339616335386336656635663838383735633164636137643938326135336237
31666533376230356166626663383735653137393439303761616331326264343933326539383732
63653333383338353631393663666338323361666339383564313732366237666133613435373636
38633339333863636666343131393561393338383731376235393635626161623337353262303031
61303531623136313035653766323231393465313932316632363033646330306331613361623166
30353032663730393739346138613733363936336239336231396432346137396336636339323864
38303638343266316663343634323938663037393333356135393663383566323935633263623838
38343365623838333032643864303535663532383835366630303731326339303037393166656633
35626261316563326138376431376435353334646533396430303730363439363131306564656463
63373134363238393836326465323033356665346461316334386562663132356363373730653637
63393862323535323164643162343537663838363762373861306435336238373666356635326230
38643865666361343730613431383436393166356562363762343930663138616439656263616565
31666336643638623366393137633462323632366635303366316662653736393533373937646330
39663165656234623632363833653731393361336633346164643536366232666439623630616665
34353739306631343031393264396131306138353766303765363239383437343437626432373832
32363161363534336133383835336636373734653033303035643335653133666166313031353137
33303935653539643365393534376264633765633430663366313831363933646136623662643734
37333834666235646662333733383466323463666161663361356635316664613066663339623431
37646134303261656361353438356565653735356534653337313735663433656263653464643363
33643033616364663165346331346130346162323837373536366364313531653961353034626635
36343932656162333635613034373639396131613762333235303130613461383431363764663662
33326162366365393365393933303735353263613363646239653634343631383930346539613235
36346435643936333866393030623631353638616537643362666463646163643663306331623864
63623632333933633030306438353635626333316530666337373339346432626265326562303465
30316534363634396632623132636665363935323731616434366264613734643836633231326438
62306637336137366161376138336535343765353731396439316131373531656139393431303135
33313064373263393331306635363137376533393430366437393239356238326335623964616433
36386565363835346533393635373238373534373131633638633934303461373263376233336232
35653538626130626266343639313263653133666531333365643163376466646137343637323262
34356265336563396638343862633563383336366436653837383830393931653838326162656131
39633234373065636466306562643864376534356538393330613439353835663536663363396264
31303634316365663032653032323337666464616661313638613665353965303962613337383138
66383166616637653637333336656233396230396430303964363733383934633064623464333831
36316633343162633661323934343566363134623839326361383939633839376531363765323535
33343235643465663263613334663136643432666565633162313463366339613435616339303832
33366335323362356462666562343666386635396237623935623638316235626438613530316132
61373134333062363532383838306266623365393332613037666665653638656637653861613633
32396535616133333937616430383338346239373434653565396436343930663834643033386136
31626535393935383963353238656362383236316332373939633562626437353066386435373165
33386139346532316236623430626463656461306337323539646236663234343837656361353539
30363239343230396235393530616562393065663231396366393062333062636336643565373065
66366464623839613632376365666538646265303532626637353865666339656336393465393131
32643139633066313237346165333637363433636261323336356438363933356364313432666561
62613863363437623761336431323038333537633764396633623830353738373461343831393238
66663365303862633531323264363335656463666635616337313739613366383030376236316165
32303232396336386261363866376461353735306166633234663338363237613939616134346134
64613263333433386238333866373331343661393734646265623237396566343131643466353231
31383763366364333262353531633565393031616662343562353865646462613366313039303866
65373032653739366532656331653332656466646230663537326530366134646661636363366165
34626561646532633739366563343765653135326237313635363565333862353132373836663235
34323661613032323265386263636330623839363039326561366136333264613330656339626330
64316130316563653938326134636362643465396636373635356132633266353732643363356234
37663839643263643231356638363033393338396132646632386564323930623935633961323538
36313535386165373831613764646561376363383533656639613039396634316337633037353032
66663639326238356432393339613332653736323331613463633738326365323963663163616561
64623232303431396333636366363162333762333139313065386339346638326432356362313238
38623030306537323035356435396461336235663036666237306432383464623762303864373162
63306332386466346434626263613930323831343939333561623537386236323738613230393435
37353032633631623338373738316433366335653066313739366530326236613761616435363630
33376535336339353336303932626637363637393638386332633737313061363432313630303839
31626561336135393033306437366262353537656666623366303533376338643038656664663336
63396263626539356362336562323439353938386139663634643139313531333437626538306639
66353733376235363763356539366636393863393030666338356134306262393238626162363835
62316564636632376265323831333430373839356435343162663865666566326161646138663066
35323561373065656266663532313366386339343333313266636437656137373939653538396162
64393865376435333733363761663332316266313832653635616164636236613331343530653039
31663335323136616635383761316461396336636638373937653962306466373532653265326466
39646435353331383561616136323362663962316637376631363132653361343462373933383566
62313137383362616237643230643430613138373139383135323863336263376465626637356638
33323061653733366533333161383533346464653937643631333963396331306161666264333930
38386639326436633561633339656464663935633434373035666635353939333534616638633431
38643434396235396662373034343064373936396165356530373936623263363331343832343237
33366439353635643065613261386137323764353330353135643465623062663664323639623934
31396362376331363434393033633664306438303462383039396537386664386139633866613335
63646432316435333263656264306638336363336532313733313861323236333661616466396162
65346335323534376231356637333136346539346234313832376563383039343732383339306338
33333062623963333666383939623465386130653338346439323666383161396431636639613437
38316263346165636437643164376431333263323036343163373537373939383464373635336233
34373861383637636135373865633365663130656465666461626162393837303861393062663233
30646139333166653739393435626561353662633733326330376231623530393839666465643062
64306461653033363763656136616536396632626562643931393462663233663238306463376439
37353437623935306431643836343963373934323332346133613065616664623661376365656366
32373839616633646535653939613531643833383935663236333462626464633737353564366337
66376537653338333966386130376336323833396437313761323662666530343130313734613263
61313264346430636365323237353766336663373630393531383462306138656665633964303936
66303164643834333962373833343538653766393039613536333739333233636666613835313839
63303733366435633131623665386635366533656663383065313733303962613962366333356464
36653431323466396439323863343365373839623435323839646134336337333666346430393937
66656630393533623363373134623564313435633366323634303838383334333239666232303838
39386439623634303737383436643761646133376335366632383365376566656238353338326639
39666130386232633937316536626631363462396465343237656631383631306465306666336230
30616338613735366335333731646364613566646232313865646233383134386630386262393637
62353964653465366161313636666132333637383433386133663934316630623538386261383962
30303465333064333261626335373437633235383636356665313763336335316333653430623636
34636231326234633931643163613261663364623634323663653230656137313831386266353864
33633337346263646261383232303635656364393137356366633863656361326431646666613438
61323161393566343631353438393334643366323635623063326466613135623932326662653863
39313964653334346665396338633763666135316138393839666239643262626538633136666539
66343632363131356333626131383032323034323732343562643565613535646539643730383739
66396237343663643135346564343334636164393134336361353135633038316565343533633361
32613161303430316239616565323038633135633963353061306262323062316239646164383162
39653537306237663538653466623230333862323839373763333034396235363637343032316531
33623436383637373334623937616631323662653935313162663264643436393730646339616166
61303331653534313938343139323166623533636662336334356166383366373030643736653834
63653036366230643464626338396166383336373333666431613137383735326130656532626561
35303761626631663030663737653139643938666266663465366639353837616533386434346330
62396430373261363235633833623937393533666161366164663737643231343730373164633838
39636561633030336366353530643532613030663061356135616632333437353930366666336138
32303932353661663862663132613639383238383739643837663634376364383464383362306539
65303238373236313833303033363466373562323937663234373736323035373039363562393765
37613464613363623838623237626330633434656632376264636565386139376166633631643732
34626435313431623434643935323235613664313330616435646566386264373563653665353838
61646532373938313365343463373035613633316338313235393363343136303630306539323832
66663562373564333262303136393836623932623533336430626564346634373465373035383932
31373034636464393334333663656533306534656336353765643266613432643861343931363236
66626537366565326636663134363735383930313336333463306636396430663739316136613939
39636631646333653133643666343563366537386265613338366634363735626336633835346339
30366161383731336262383331633565653366373639646163353766333966336139666436636162
65383363346466613431356663306263653935663164356237623962633739303132656165353566
64316465616263333464663261346334653862633534343035353733323832623261613862333037
38626536363039303337393063646238303965663562313866376431393139343232316265616634
66333639326262313438393130363466356336623337663537656564323035363436316366383732
61653061653865343031303234643938363736613661326231313962313565363330373264653238
32333561613035346361393239616130373561396235343366313739353535346430396637633636
31376332633435383664616163383763643765333963386538376563313633353566306264393337
32396334633535373062656661366665393036366234643661356532313832643838626563666230
62363565363032333535643234623832653564356666366561356133653863316236333433396530
65323235653434303965313039613330633938376635663136303361366539623930633438366133
66366164376639616132343537666132656163313536393933326533373566656566363264363631
38366632623432636230343939666165383431386530333337393136396535636332316136303563
62316165643533616630376465306662306366646436383931366335363434363233656634656239
37363866656661303631313661626237646131386336343237366139633139633865346231656339
37303763306366316238613137313061343038346534313233323666333331353734663661326437
33343431653661373765396538323733383034303134303736376237613737373132653363626465
36393766383863633638393238613961656339383933333562656337353638626630353565663930
61383939646331326234373463313536353366623233336238646434326137303566313034373037
39636432316664306233393265353339383634303466396338383362353462653332656636616631
62363033633662363230656238616430386536316135356362363437636164623965346437646465
33626433353165343632656136613339666562653831653330333430666337336330613966373135
63663335373232363666303863663734626239346639393566333965636636623136353033613165
62303163366531323637636435386531663530326663626661383330356664656164666333303638
36383138363032393662353465373438663237653361383762656533636538326364326331393032
63363335316266393932376364653861336663623332626634343963313038633432353437356364
37353165666462353530303263373338626266616533636130373761396165316561306464636564
64363664316239633266613262623362613735343232666165373137313766666162366166623434
32343765326462383932373937366230623262653061333732346538346338623336393066666163
63343661303066643937323038613034613838633163336636613533306135666434333734363961
62376565653764353530613932336139613961393435623133383339383731326566303366333032
39373530623832643131653461613466366338373965323730633662633963653861303066316332
66303865306336356130343066313331383463646638656364353862326366343434396236643033
39643539373764336334616166633533323737306137376433303763643132353961623333306539
31336433306137386437303833366130326638323761653064333938333431306265343030343063
30373536656261373866353135353965626230613132616237613361383766613863373663643634
39373830343765666162613333613534386335623865666333616331353338646232346231643463
31386435646264346364326238613333346235663238613137343030396133663464653035356537
33346166383665386632383439376631386635653234353538386466316665633262626230353061
62386464656263396332323936313565306261313862643161383034383035626436323336383664
66653239303237613330643363356532353437333634306332376166356163616161646139633737
64396139663733666463613634636363326438353330643735376663373538623931623435373836
37333739396339643135373461636665303236653564376433666634313930613961663034646266
32346461363066376565336266386630396235653831623332386134383261323035363635376139
38313039306436333038316235636234366332616234613132323166623263353136336536653063
30613335393439326238613664313864626339666231613031633961343433393733303930323731
33303333663361393736373261343961393264666662393565333333653034376665383630663237
36353132653237346333666537336331323638326162333065373937663739633033653663313236
34663565306664663931363033303937656365326466623461396330663463376565613732383738
66333861336135333736343562643663323534616537636636613561323030613830353662666332
65383762353739393633636339643361386233626237303566343031656439366466366434643034
38663239386665616234383061366338323739623636373730383138303366353638373665353338
32376464643031303063353466396135363963623466653964376439343135303630376262353833
35323261346134313835313533396464306237336536393161343861376662666161633839373236
66623365333133353435323031633564353035363636316665646638316636623566323835343533
34313762363637623462386531653239333736303335323937633362303965313062383464323463
33323930363966646237333034636239316435343162373635643936323666636230396166326331
66623131633632373662373062633633326638393331363665363635653262393331326261633531
63303666316439316532366236323561613538353733373564663730346432366364643063613961
36383933363536633961313734376235373966646235613031396634323466646431386538303837
63613334616530326463666438356437646661393634326135636138636538643938666663373236
38666464366661353331343238663836636363333234393862613339633066326236326134373734
61626339653637356138356661653864363865386339356236633165356163623031656662666563
34616563393631613233333932336239326264316236313962356262663761333634373936323439
36636232353935316662396162623932383365373464613334616632383835316132386531616133
35656463393433333434646337366130313065303966633366613062326339646637306230376265
30316366353431386263653464316536396230356231653366343661383764393337633762336262
30303036353431376533373336393131343934383634653830616661633664373033363732343438
61363439636632366631636663313933306466323638343165643333303937353332623236363031
39663737643031313461326265383330656238623065646539373135383164393732386230356561
31383365653665303031363438346161653539323361396466366234343564303662643332363164
30633631663064356366643766303764316234396338663965333364653963633536303166383635
38643532373566303630306135393566373865376437393761363034363535363363373330343133
37353238646339313834623130663839363765313736613064373635643564636361306265343439
32356263346562616362646636323736623764323261343036303636356337613031666237313533
63633634643966373365336633613235353161363134626666346638653061653233653765643234
36323738643836333832313463303438313033393363373164336464623063376330663865366336
34373465646135663463313638323931313435613962626232363033393134616133336432333164
65386631653535373836663932646562346164306239643037613666396338653539343663376261
31613233333431333933633665313035326438613630613363653664313465343764613835333737
63616463626438653838663361623632386366616464356262316362633461376533343135313064
61393132373938613836636235323266333939373238373334616133306435386639363037636534
35336166663762346461343431663861323032363266613862366330303863396238653564643137
31366561373830623134313539623432316439303338613933626231653238353364383264666137
39373635386537323531623132613761393265616433643636633661636461386138343131303938
34316261346537313338393137643434356631613033386637316337616637623138666462633864
63633831323134623731646532373134666436623937336530313438623461363636646533636438
39666661353234616638336338323562396238666561613061313735323533663231386139333134
37353665623832333333306136386662396262346637376130643066313963643238313938643265
63653535646337316366653864333534373838653335313838306161336130363932336438633965
34343333383938653931373236393663316339336638306333386138623534643266633664343039
65323263326338353161373939616566653961366535393939376538303235653034623263386261
35646465373834626431366238656534626631656237303534353538366363323165303364393861
62613565343564303932633131313833363131623637306263393530613837623261306636356665
38333539613038346639376332333261663831313235666335626464333765376364326630353238
32393962363036366431623362613531363836663665643539613931376165303137343432303962
36353438323263323538356136363262396466393334633266646635396466346364636664353261
64613638343336653864643538333032656637323465626664383537626539373863643634646335
63623039363936396363326130666631393938636166333131376433396365396664333365373435
35376233646339623637353561393738303330333637646164316431636332313932383239323837
33613664646539303338353165366335343132376632666135383862326666376136363436653937
32313732313361643832396466613961376365343533663537343762386337383532313038633561
31623436326335653363396438356565346132636262393531313931336561343865633531316363
65646537653533353264373862366561626534626238323665626262346133623963356435303162
36336339623235653430356432376230653162333966656162396666623431303463653733346334
61666563363161643730393938643865623363613965613164393465656235313335396238396336
61393135393434633536663631666462343461376235326230653838333766353564613433616663
65343932386433373763653665323034613062353637383763633639633464316666643637386234
35656631343733393233623032336564326438323739366630613131666230633231663137613138
64663862376532333065383036333564373238643762343937383564346634393161646464336166
63626330643539373734346234323964653037613737343036393166366230376137666463333039
65306335356365396539316331316139363637323539646134383136333636326666346539616338
61613737313438663938356130323262646338393365356130333463653465616366303362313861
36633766653431363436616563633338326163613062316531393465613936626362383037643264
35383331353930643063646335313933303436373232633865666132343431303965336366663939
37653763303361303333356532333163376131356139303235636361653937353463383832383964
63643738363236626164353338383464623834623536323633613739303264323436663466656162
33623765386335653166303635373436316536313732376462313166313761633132343937366463
62386162333066616461396638386631613161386662363264643061313735313534613563656339
65623466363961393664393465663637623038653132393661356263363362356532393039363137
63623735313734616261353236373538373432333635353332333839316131366539363735383762
32326365313032643538356137316532313634396461653166313066386431636438623066653536
64396439346162666664623233303531373664636566343837383963666138656361366336373863
62653165303661336639633634616531376465323564353731323737653366343132666464613262
64393662323666613263663564393661613939643730626161313232376263313365306630643738
32366164393332623239323239306565666532323365356431633961616664326537323766376161
31356562663062666566356166623532643065663231373436643933313261343930646534373431
34393034663066613561323963633339663833646536396439653463303632646330363235613335
32373939323738663864656530333330636661613362646536353265386637613861613433663965
37353630313239616664363536396631336438633530313933346539393235386265393330396363
66386531346136346338356265633463366635346431643463366139313863306630396562393363
35303539373265396563336638626531376232373265633038313533323964633337613365666262
62643462383934613862373634356135636635633539323335386465656162376336646664386233
33623037633731313633376161356464353035643061633861386164353036326266643831396537
37646162613232366437363637643131333438646130373338336334323963626233656436653161
38383835306436363131316364643634383364356261633938353634376434323865363061623238
37346163313663353562323466613633323833633065616363653161643361316139306364623665
63326565386462666238646138323633303730363465373761323634373336373938323561383838
65303666333638333733366165323430623533316238333537303861623662643163613936333962
38626239663338393661323236323834343734343965633231366161666562663234653666393061
61613534636561343739373761393536633836663366313430613933363830306434656535633063
37666466653161363531393934326634623561666261323135363634303165333735313939393532
39636666636237656237366439626636376462366335376235636437663734626265333837303863
66643938373736313732393862656235333130666531663633333832623133646433646266333162
34343933613866386265656536343563626464366565623662613935303464323435396334623665
37616339363238643265363234333566653837333331623665656561633664663032663934323461
65613463633034323636323564353330303638666566653939326664386266363132643732626637
33306537313461616133356535386265313236343264663838393738383037326437393166646434
32336162396236653837353634616330623065633363366439636532396366353965616431383766
36616433366236636634393630343239653164616461383531313635616539306564306135626137
30386564393161356361626436316231313731633035306437636239353139366461393432393563
30326261323035663966333231393661333236633733613061626665393464643461346462643332
39656364663330306233336463313438306365643531343662643165316131306238646132343038
64643739353738386332343233396230623731363534366264393566616337326235636230623837
66653537303638363732643531343261323038363462393232386137653131653863323330353233
66353635626266363237343666663466353233653161623838373062636234633365643838646162
66313839313133336562326262643862343766323937323831653336393239313363356639383530
32653563663764376537633362376430303762623033643063653461353032663131383931656139
66663961353863386333643061316361313862343566373262306463643566323163656336653766
38326137306432396432636165643563376165323639346136353561393433333137623463356363
65393065343637656636306266656138373431313935383734393639366433353834323863613438
66613834326631326230326565393033626463313336363230666338613537343639653530326133
64616133313237363731373535363065323364656639666230316335323063306335616531393835
35353235343663653134656263343432356131656130383530623736646130343030633837613839
38313863333362346563376132346463343665383361346134356633356130306662656664323736
35346462633430396133636136613633646636633562633766383064316132626538643333653861
66393532313737653736313538343864626564646230343562653039373333333531633934653139
34646135663537656162623964343664353536336138366334646635346635393762346435326464
36613261383930306433656337383432383439646135633639356433396539326239613736343466
35343866373964626130393836363861316362663036393864343930393839616161623231313839
303065363262633831333464636436336166
