$ANSIBLE_VAULT;1.1;AES256
38313533383836353666316636366165636538653232323361396661383362393132336133396338
3332336165666663396339316633376334396564333361650a393430353437333532353938636264
66383363376435376462333862376664643439336132316535366338663239396366306265323663
3266626134343166390a396466623065373764333430363761623766393532373131373430303236
38376336643465633731333061643831393833663037623966353063393534333136663162613066
38383362373135633132616361353630616238613733373534326537633839303963376235393661
66656533386433636337633631643565353535666362666135316138376665326435303561396362
37306135383066316536633364633739343162646136346264316264343637623163366536353965
38376562353661626138346466393261316438343632323839336161616365633761633761333535
64373935316266653237363933323534653366633364373163373330386637303035396366333363
61623466363434373962343737353863383532343466663436366632373534373538373134396664
64366566616439353934323062396665326631313536303338383762653938656565653131386336
31633261393062663364373732336539373839306339356632326432376635353764636634623337
37363361396431623131323830626431383761396138616463386535353835613963373432616163
33666631656535333762303661646535313837663566656634393430313061333264633366613331
39643032306432323466386134663261333032393863313933663065356239316133626335353131
63383531363866343066306332353066373464366365343939393132643132333863
